0000115020007075024270438051706920739113621211511138301403010001021016400722009051762136133691701143081090101010484051999299110 990 01101101117100000000001-1-1-1-1-1-10301-1-1-12
00001251800070755262915311589160618151410122115211042844040100010310174306420091631631341406919411430810801020205850714021011201035001101101119200000000001-101-1-1-102-101-1-1-12
0000215500005050026340442051799990574109921119993999132701000000012015421054159051765133135701551 05991000103030382051999 9911  996 7100000000004011041010000030301-10299030701-19
000041599000599004299039505179999066510992111051110227040501900104201438099900605176411899999999  9999 9999999999  99  99 99    99   8 99 99 99  99 99 999999999999999999999999991
0000515500007075027370258051799990554109921210121127296403001101032036400214009051765247225691771118091050104040582051999 99111 064 01000000000050000000002-101-1-1-19999990699992
000052522000707563242219222622270248414111221112511729240400110104201642090415923546523223399999111808105010505058206140710311120640010000000000500000000020200-1-1-1-1-1-199-1992
000071502000707002426036105179999062710992111092111526640310000102108 380521009051762121107661581 3699106010101040309199929911  990 01000000000000000000002-101-1-1-1-1-102-1-1-12
000081550000707002833036405179999061910992111091113125530502000203906 120822009051762125109999991 0499109010101058 99 999 999   010 011011012201 99 99 9900030102-1-19999999999992
0000915502005050036990448051799990713109921119921142265403000000032016400455009051765150150691951 46996000502980581071499 9911  991 71202205790410110720206-104-1-1-109-10202-1009
0001015502005050020210390051899990674109921111821118284401000000012017400242009051863112105741901 54993000101010383051999 9911  991 211011021161101102202010000-1-1-104-10201-1001
0001115020000996030300436051899990729109921212311159293400000000000000000055009051865132122711801905005000603980289051999199119 992 01202201790400380170905-1020302-102-1020001-11
0001215500000070019230398051899990642109921111821075244101000000011012330222009051862115106711601 60993030101010382051999 9911  995 710000000000101104206-102-1-1-1-102-10100-1-15
0001315020000991023270439051899990717109921211021112278401000000012018360432009055366120110742201147091050101010383981999 99119 992 71000000000000380470900-102-1-1-104-1020301011
000132512000001152630144915351543174014131221082112329140200000002201639062300915436611510673220114709105080604048206140410311920901211011013181101107109-1-104-1-10102-1000609021
0001415500005996019280400051899990679109921411611099279400000000000000000032009051862114105671951160001050101010282091999 9911  991 010000000000000000000-1-103-1-1-19999019999991
000142503000506652029074509830983103112341241102111228640100000001101439013200909836114799999999116000105080202038299140010012  00000100000000000000000009999999999999999999999991
000143516000506652433211221912207238713131341102110827540200000002201640073200922076212612070175 16000105010606048205 40910912  9960710000000000 99 99 9901-102-1-1-19999999999991
000144505000505652635291529822999319314121441031113527840300000003201539043200929996112412069185116000105010707058209 40910912  000001000000000010110110902-10100-1-103-100-1-1001
0001515020008995025290398051799990674109921312021106276400000000000000000055009053862102094651151569005000900000283031499199119 990 710000000000000000000-10101-1-1-1-10000-1-1-13
000152516000808582731112712191235141114151231131112028440100000001201539045500912416210610065110156900600010101988399140120111910000010000000000000000000-102-1-1-1-1-102-1-1-1-13
000153527000808582933163317321746191914161331162111728640200000002101640025500917456210510565110156909600010101048305140030011910000010000000000000000000-101-1-100-1-101-1-1-1-13
0001615500005990035350349051799990634109921110121125285403000000032017450452009051967156140999991 3799102019898058 99 999 999   990 913089017905 99 99 99090201-1-1-19999999999991
0001715020000003033370450065807000714113521211511118264403020002011015370322009051966145140999991247001040198980384031999 99119 990 91101105117110110510205-104-1-10706-102-1-1091
00017251800000037364014751529152917471407122113211332724040200020210163706240091529661511407420012470010401090604830414003001192000071101105118110110510306-102-1-10706-102-1-1071
000182527000002163630212021942227240214151221101112728240201000101906 130255009231664122120751801105004000107040383061403201211209000120220172047033027090101020102000101020202001
0001915020005990042450419065899990692109921111421117273403000000032016400375009051967160156999991 21992050198980583061699 991   990 91101105219100000000005-1-1000000020201-104001
000201599000000503035041305179999070010992121211114628740100000001201541059500799999999999999999 10502 9999999999 199  99 991   99   8 99 99 99  99 99 999999999999999999999999991
00020251800000055333812171329134714991418122103111132824020000000210184104550091353641461357014811050230001040404810516091011   0820010000000000000000000020001-1-1-101-102-1-1-11
0002115500003991023290352051999990627109921410211131275400000000000000000024009051965143128691971243083050501980285061999 99119 991 0110110212111011042040102-1-1-1-10202019999991
0002125090003061524300797086208971076141412410721139279401000000011017390224009089764141999719991243083050101010484991402202119 00000110110279021011057099999999999999999999999991
000213508000303562733166317221758194014131341041114727740200000002201739052400917646513713569175124308305010101048406140910211910000012022021224401102204020100-1-1-105-10106-1011
000214522000303502834241324662474249011082441999399907770300000003101839042415924746414113669177 24308305010101058404 409102119 9900012022031224 99 99 990401-1-1-1009999999999999
0002215500005050028350363051999990656109921110811129293401000000011016420312009051963141130711651 06993090401010384061999 9911  012 71000000000010110220201-102-1-1-103000404-1-11
000241502000202003238045605200708073311362111081112127740402000202106 130422009052061133126651451363992020102020483061999 9911  990 1100000000001011042090001-1-1-1-102-100-1-1001
0002515010005055027300442052006940719113621210311112277401000000012016400255009052068164150731671 05005000101010382061999 9911  996 711011011161503802709-1-101-1-10003-10000-1041
000252550000505552932104211241124132813111221212111428640200000002101639035500911306815014774190  0500900010404048299140810111 10940011011021162504803704-10002-1-1070200-1-1-1071
000261501000000602929045505200708074011362141062111728540502000203906 060952009052064135125711601 05001020106060582041499 9921  996 010000000000000000000000202-100000202020000001
0002625020000006630300923101111281205122912410511129282406020002042016400242009106763137999999991 0500102010707068299130710211  0031010000000000000000000030301-101000202020102001
000263599000000663232185819739999214510992441061112828740803000305906 08044100799999999999999999  0500 9999999999 299  99 9911  99   8 99 99 99  99 99 999999999999999999999999991
000264599000000603030135714139999141810992341999399906170702000205101740029115799999999999999999  0500 9999999999 299  99 9911  99   8 99 99 99  99 99 999999999999999999999999999
0002715010005050032280459052007030719113421111311086260203100001021015390411009052067115112721751 27991050101010409071599 9911  991 01101104122120110420206-1-101010008-10299-1001
0002815500008080032370421052099990711109921112121105290401000000011016380431009052056119116631401 0599300010303038 99 999 999   991 713048027905 99 99 9901000100-1009999999999994
0002915010005050029990435052006940709113721110121112274404010001031015400495009054668182190752302 05997100198980482061499 9911  996 81000000000010110520905-100-1-10002-1080001001
000301550000505004039046005209999059510992111999399913570502000203906 120652159052066131146711601 44991000103980581031999 9911  992 51000000000010110510505020300-1-10301010201019
0003115500005050031310401048699990706109921110411119305401000000012013420455009052169129130999991 0599300010202048 99 999 999   996 013088017905 99 99 99-1-103-1-1-19999999999991
0003215020005050031390456052199990528109921219993999072701000000011016380454159052162119120721701 05991040102020383051999 9912  996 01000000000000000000005-1010006040499020003029
000322502000505003240060206800713087112152221222111126940201000101906 100154009070762120114999991 0599103010202038399 998 0112  9920010000000000 99 99 9905-1000004049999999999991
0003315020005050021220352052299990636109921111621105284400000000000000000022009052264125118701751 06991040301980281031199 9911  990 010000000000101106201-10102-1-10001-10109-1021
0003515020205052026300485052199990692109921210721061207101000000011015390753009052264099096681451 3009600030198038305130010011  990 7110110211811011031010001030200000600030300011
0003525110005052528321044110611061282140812210815076238102000000022011290352159110664099999999991 3009200010404048399150910111  090001101103118 101104101010104-103030401020404041
